2.616
3.671
4.246
4.785
5.867
6.437
6.995
7.566
8.079
8.608
9.163
9.721
10.257
10.792
11.326
11.961
12.420
12.950
13.503
14.594
15.155
15.670
16.304
16.779
17.438
17.890
18.424
18.974
19.527
20.059
20.593
21.150
21.702
22.277
23.324
23.884
24.432
25.525
26.611
27.145
27.750
28.252
28.776
29.324
29.876
30.432
30.965
31.521
32.064
33.496
34.091
34.645
35.183
36.268
36.835
37.373
37.965
38.461
38.993
39.565
40.105
40.670
41.188
41.725
42.339
42.816
43.369
43.904
45.016
45.561
46.113
46.708
47.184
47.821
48.299
48.849
49.367
49.944
50.448
51.024
51.560
52.095
52.685
53.716
54.290
54.843
55.910
57.021
57.559
58.151
58.642
59.193
59.728
60.286
60.838
61.355
61.908
62.464
63.925
64.512
65.068
65.606
66.694
67.276
67.783
68.404
68.882
69.411
69.991
70.525
71.077
71.613
72.149
72.766
73.232
73.787
74.324
75.431
75.974
76.530
77.145
77.619
78.256
78.723
79.264
79.777
80.372
80.862
81.466
81.978
82.520
83.112
84.136
84.714
85.263
86.328
87.443
87.982
88.579
89.071
89.625
90.166
90.700
91.257
91.769
92.328
92.886
94.348
94.942
95.476
96.037
97.102
97.674
98.212
98.807
99.324
99.826
100.429
100.951
101.503
102.046
102.581
103.180
103.654
104.205
104.747
105.849
106.380
106.955
107.570
108.044
108.678
109.153
109.683
110.203
110.776
111.291
111.872
112.398
112.940
113.530
114.565
115.142
115.690
116.763
117.869
118.406
118.996
119.492
120.045
120.580
121.140
121.688
122.189
122.759
123.310
124.763
125.356
125.910
126.446
127.537
128.109
128.646
129.241
129.737
130.267
130.845
131.375
131.933
132.469
133.002
133.619
134.069
134.625
135.164
136.278
136.815
137.369
137.982
138.457
139.109
139.582
140.093
140.623
141.205
141.718
142.291
142.827
143.356
143.961
144.985
145.559
146.111
147.174
148.289
148.824
149.427
149.897
150.462
150.995
151.542
152.104
152.613
153.183
153.725
155.192
155.783
156.334
156.863
157.962
158.541
159.069
159.670
160.134
160.690
161.263
161.797
162.350
162.883
163.421
164.037
164.513
165.045
165.581
166.693
167.230
167.789
168.409
168.877
169.511
169.981
170.519
171.054
171.631
172.144
172.714
173.245
173.781
174.377
175.402
175.983
176.533
177.596
178.707
179.239
179.838
180.335
180.890
181.424
181.980
182.515
183.031
183.586
184.141
185.613
186.203
186.760
187.301
188.385
188.954
189.486
190.081
190.583
191.117
191.673
192.218
192.757
193.305
193.848
194.455
194.927
195.480
196.023
197.103
197.665
198.197
198.834
199.305
199.940
200.414
200.942
201.483
202.054
202.547
203.148
203.662
204.215
204.791
205.836
206.385
206.963
208.035
209.134
209.671
210.271
210.763
211.306
211.840
212.399
212.951
213.464
214.023
214.574
216.047
216.633
217.182
217.721
218.808
219.386
219.921
220.519
221.011
221.550
222.122
222.654
223.208
223.745
224.281
224.906
225.374
225.915
226.444
227.557
228.086
228.661
229.262
229.738
230.396
230.844
231.382
231.921
232.496
233.001
233.585
234.114
234.643
235.240
236.265
236.839
237.402
238.472
239.585
240.093
240.708
241.185
241.740
242.290
242.826
243.404
243.895
244.451
245.012
246.474
247.060
247.621
248.149
249.247
249.824
250.341
250.954
251.429
251.962
252.532
253.071
253.622
254.164
254.691
255.310
255.782
256.337
256.872
257.985
258.527
259.075
259.694
260.144
260.803
261.262
261.811
262.325
262.921
263.417
263.993
264.526
265.061
265.654
266.692
267.261
267.819
268.884
269.993
270.528
271.117
271.614
272.183
272.710
273.256
273.822
274.335
274.884
275.447
276.893
277.480
278.042
278.569
279.663
280.227
280.759
281.354
281.847
282.389
282.958
283.492
284.058
284.583
285.117
285.745
286.212
286.769
287.302
288.404
288.938
289.490
290.108
290.584
291.227
291.697
292.237
292.755
293.323
293.841
294.431
294.946
295.482
296.082
297.111
297.682
298.238
299.309
300.420
300.951
301.547
302.045
302.593
303.112
303.667
304.243
304.739
305.318
305.852
307.322
307.898
308.449
308.990
310.071
310.652
311.191
311.786
312.276
312.814
313.384
313.919
314.474
315.008
315.553
316.151
316.631
317.187
317.714
318.826
319.360
319.918
320.534
321.010
321.651
322.137
322.635
323.166
323.748
324.256
324.851
325.381
325.897
326.509
327.533
328.111
328.664
329.728
330.841
331.376
331.977
332.447
333.020
333.557
334.109
334.668
335.155
335.714
336.269
337.735
338.324
338.880
339.415
340.497
341.075
341.613
342.212
342.705
343.244
343.793
344.355
344.906
345.420
345.975
346.586
347.067
347.597
348.135
349.239
349.786
350.341
350.960
351.417
352.055
352.532
353.060
353.593
354.174
354.690
355.272
355.812
356.344
356.921
357.954
358.526
359.085
360.136
361.246
361.798
362.397
