0.00,1.133495
0.01,1.262958
0.02,0.887737
0.03,0.885620
0.05,0.650565
0.06,0.564005
0.07,0.504425
0.08,0.483145
0.09,0.465879
0.10,0.531154
0.12,0.717156
0.13,0.741469
0.14,0.695477
0.15,0.619837
0.16,0.793752
0.17,0.697309
0.19,0.622179
0.20,0.597247
0.21,0.676438
0.22,0.730821
0.23,0.715440
0.24,0.527353
0.26,0.599306
0.27,0.633536
0.28,0.575609
0.29,0.585012
0.30,0.570146
0.31,0.529660
0.33,0.502861
0.34,0.564009
0.35,0.528307
0.36,0.548150
0.37,0.530478
0.38,0.519421
0.39,0.443832
0.41,0.511683
0.42,0.581588
0.43,0.508987
0.44,0.453636
0.45,0.572150
0.46,0.616051
0.48,0.500820
0.49,0.536811
0.50,0.533388
0.51,0.527334
0.52,0.531971
0.53,0.543925
0.55,0.541019
0.56,0.572363
0.57,0.579981
0.58,0.650883
0.59,0.582945
0.60,0.606709
0.62,0.636307
0.63,0.569821
0.64,0.548796
0.65,0.551668
0.66,0.579645
0.67,0.577615
0.68,0.461343
0.70,0.540876
0.71,0.639684
0.72,0.573877
0.73,0.624494
0.74,0.619944
0.75,0.534260
0.77,0.571175
0.78,0.561483
0.79,0.573851
0.80,0.504970
0.81,0.569676
0.82,0.576983
0.84,0.553019
0.85,0.492525
0.86,0.585819
0.87,0.568980
0.88,0.590438
0.89,0.584557
0.91,0.541795
0.92,0.481616
0.93,0.482752
0.94,0.519142
0.95,0.431729
0.96,0.420573
0.98,0.366141
0.99,0.394103
1.00,0.352905
1.01,0.357007
1.02,0.293533
1.03,0.340501
1.04,0.319642
1.06,0.333316
1.07,0.281289
1.08,1.063056
1.09,1.250417
1.10,0.870492
1.11,0.775005
1.13,0.654301
1.14,0.645857
1.15,0.568919
1.16,0.535340
1.17,0.534671
1.18,0.437009
1.20,0.533348
1.21,0.537570
1.22,0.539942
1.23,0.494355
1.24,0.452256
1.25,0.479339
1.27,0.499851
1.28,0.451365
1.29,0.451938
1.30,0.531623
1.31,0.508780
1.32,0.537888
1.34,0.589061
1.35,0.467323
1.36,0.479457
1.37,0.419970
1.38,0.443559
1.39,0.401521
1.40,0.454319
1.42,0.558600
1.43,0.448922
1.44,0.445840
1.45,0.380007
1.46,0.423030
1.47,0.408311
1.49,0.363309
1.50,0.350406
1.51,0.382339
1.52,0.345212
1.53,0.227812
1.54,0.227891
1.56,0.276689
1.57,0.280339
1.58,0.323599
1.59,0.245346
1.60,0.228817
1.61,0.257583
1.63,0.303561
1.64,0.886351
1.65,1.089482
1.66,0.779758
1.67,0.703799
1.68,0.593288
1.70,0.536977
1.71,0.513704
1.72,0.502355
1.73,0.586370
1.74,0.552124
1.75,0.571661
1.76,0.463344
1.78,0.505782
1.79,0.607387
1.80,0.507234
1.81,0.463619
1.82,0.468647
1.83,0.568215
1.85,0.499474
1.86,0.551648
1.87,0.501347
1.88,0.541785
1.89,0.513513
1.90,0.502828
1.92,0.495467
1.93,0.480605
1.94,0.482090
1.95,0.488179
1.96,0.477990
1.97,0.529692
1.99,0.522780
2.00,0.449307
2.01,0.423290
2.02,0.442190
2.03,0.457408
2.04,0.381891
2.05,0.345951
2.07,0.346871
2.08,0.366490
2.09,0.331431
2.10,0.331681
2.11,0.296588
2.12,0.275749
2.14,0.239178
2.15,0.242336
2.16,0.395474
2.17,0.848335
2.18,1.023053
2.19,0.970012
2.21,0.693106
2.22,0.850525
2.23,0.640149
2.24,0.516496
2.25,0.443125
2.26,0.502990
2.28,0.520730
2.29,0.609873
2.30,0.673462
2.31,0.497691
2.32,0.626434
2.33,0.601147
2.35,0.547338
2.36,0.683955
2.37,0.552857
2.38,0.599221
2.39,0.522846
2.40,0.518721
2.41,0.546965
2.43,0.452832
2.44,0.575478
2.45,0.573798
2.46,0.508084
2.47,0.461714
2.48,0.537549
2.50,0.520944
2.51,0.492811
2.52,0.545398
2.53,0.549262
2.54,0.402235
2.55,0.437181
2.57,0.441508
2.58,0.379556
2.59,0.377913
2.60,0.391624
2.61,0.398130
2.62,0.318079
2.64,0.357482
2.65,0.387684
2.66,0.307774
2.67,0.266139
2.68,0.255404
2.69,0.267112
2.71,0.250236
2.72,0.295422
2.73,0.295828
2.74,0.283856
2.75,0.381764
2.76,0.379547
2.77,0.400819
2.79,0.303448
2.80,0.353177
2.81,0.414313
2.82,0.329032
2.83,0.251626
2.84,0.350130
2.86,0.328200
2.87,0.320346
2.88,0.332642
2.89,0.352733
2.90,0.329400
2.91,0.322970
2.93,0.328520
2.94,0.256670
2.95,0.292788
2.96,0.423368
2.97,0.307876
2.98,0.205171
3.00,0.302366
3.01,0.324832
3.02,0.343725
3.03,0.244324
3.04,0.295366
3.05,0.348996
3.07,0.283284
3.08,0.255243
3.09,0.263426
3.10,0.344433
3.11,0.323132
3.12,0.300513
3.13,0.255320
3.15,0.252927
3.16,0.301440
3.17,0.325737
3.18,0.198831
3.19,0.157815
3.20,0.164667
3.22,0.166463
3.23,0.142123
3.24,0.135792
3.25,0.158621
3.26,0.768752
3.27,1.055008
3.29,0.832628
3.30,0.555847
3.31,0.472177
3.32,0.456643
3.33,0.459167
3.34,0.464955
3.36,0.363848
3.37,0.403465
3.38,0.390149
3.39,0.341041
3.40,0.372836
3.41,0.406827
3.42,0.368594
3.44,0.381835
3.45,0.402721
3.46,0.357021
3.47,0.315071
3.48,0.322451
3.49,0.335562
3.51,0.285963
3.52,0.323842
3.53,0.334091
3.54,0.296194
3.55,0.246885
3.56,0.275114
3.58,0.344614
3.59,0.276578
3.60,0.344567
3.61,0.366005
3.62,0.285922
3.63,0.269501
3.65,0.335499
3.66,0.424665
3.67,0.290690
3.68,0.327560
3.69,0.400325
3.70,0.290573
3.72,0.255618
3.73,0.240606
3.74,0.227980
3.75,0.181186
3.76,0.148475
3.77,0.227932
3.78,0.341111
3.80,0.381770
3.81,0.428869
3.82,0.497474
3.83,0.556849
3.84,0.532670
3.85,0.517122
3.87,0.498928
3.88,0.471665
3.89,0.452933
3.90,0.465474
3.91,0.445458
3.92,0.432787
3.94,0.443138
3.95,0.457739
3.96,0.440991
3.97,0.430485
3.98,0.350804
3.99,0.415275
4.01,0.504992
4.02,0.441179
4.03,0.377691
4.04,0.418332
4.05,0.468404
4.06,0.423613
4.08,0.389545
4.09,0.434156
4.10,0.405011
4.11,0.404078
4.12,0.392978
4.13,0.388162
4.14,0.397456
4.16,0.412700
4.17,0.416334
4.18,0.403806
4.19,0.384400
4.20,0.424661
4.21,0.405759
4.23,0.347464
4.24,0.390432
4.25,0.350747
4.26,0.296031
4.27,0.235871
4.28,0.250421
4.30,0.316865
4.31,0.293251
4.32,0.227512
4.33,0.252986
4.34,0.267728
4.35,0.834677
4.37,1.056000
4.38,1.109996
4.39,0.810745
4.40,0.815672
4.41,0.566464
4.42,0.519053
4.44,0.366852
4.45,0.427319
4.46,0.515686
4.47,0.435005
4.48,0.501695
4.49,0.475103
4.50,0.381393
4.52,0.433086
4.53,0.426098
4.54,0.493983
4.55,0.427312
4.56,0.485273
4.57,0.502927
4.59,0.434270
4.60,0.445106
4.61,0.457898
4.62,0.472690
4.63,0.422109
4.64,0.465298
4.66,0.460659
4.67,0.372633
4.68,0.367092
4.69,0.404747
4.70,0.423283
4.71,0.364361
4.73,0.423016
4.74,0.415437
4.75,0.352090
4.76,0.363997
4.77,0.382563
4.78,0.374326
4.79,0.316753
4.81,0.330091
4.82,0.375573
4.83,0.267451
4.84,0.248715
4.85,0.263887
4.86,0.309215
4.88,0.343079
4.89,0.314800
4.90,0.287338
4.91,0.249103
4.92,0.279834
4.93,0.382374
4.95,0.434179
4.96,0.438274
4.97,0.598000
4.98,0.545915
4.99,0.430616
5.00,0.435967
5.02,0.515071
5.03,0.523851
5.04,0.480677
5.05,0.450545
5.06,0.509814
5.07,0.487169
5.09,0.420797
5.10,0.465347
5.11,0.469975
5.12,0.421507
5.13,0.425797
5.14,0.454767
5.15,0.448286
5.17,0.426865
5.18,0.453568
5.19,0.461179
5.20,0.493523
5.21,0.455380
5.22,0.465300
5.24,0.451718
5.25,0.465440
5.26,0.466704
5.27,0.447506
5.28,0.479059
5.29,0.442031
5.31,0.425557
5.32,0.392320
5.33,0.345386
5.34,0.371832
5.35,0.373202
5.36,0.374897
5.38,0.378653
5.39,0.337026
5.40,0.304629
5.41,0.315522
5.42,0.276918
5.43,0.287377
5.45,0.331556
5.46,0.972379
5.47,1.134878
5.48,0.792898
5.49,0.629209
5.50,0.625714
5.51,0.589217
5.53,0.474431
5.54,0.483066
5.55,0.555776
5.56,0.501655
5.57,0.501409
5.58,0.567387
5.60,0.533483
5.61,0.465926
5.62,0.516354
5.63,0.553970
5.64,0.532167
5.65,0.500668
5.67,0.526696
5.68,0.468882
5.69,0.405418
5.70,0.457906
5.71,0.446986
5.72,0.426169
5.74,0.427483
5.75,0.458848
5.76,0.375549
5.77,0.362536
5.78,0.489109
5.79,0.424116
5.80,0.383177
5.82,0.437572
5.83,0.519731
5.84,0.403444
5.85,0.358018
5.86,0.494933
5.87,0.415900
5.89,0.351158
5.90,0.331625
5.91,0.426311
5.92,0.378473
5.93,0.301257
5.94,0.345557
5.96,0.290880
5.97,0.248502
5.98,0.207975
5.99,0.554809
6.00,0.780864
6.01,0.721271
6.03,0.594197
6.04,0.732011
6.05,0.560170
6.06,0.496426
6.07,0.458432
6.08,0.479533
6.10,0.331165
6.11,0.468386
6.12,0.556335
6.13,0.474491
6.14,0.598208
6.15,0.594578
6.16,0.514434
6.18,0.509498
6.19,0.495698
6.20,0.560238
6.21,0.495979
6.22,0.569558
6.23,0.576253
6.25,0.472039
6.26,0.452306
6.27,0.502527
6.28,0.515446
6.29,0.436171
6.30,0.548830
6.32,0.581023
6.33,0.478677
6.34,0.460558
6.35,0.521580
6.36,0.521700
6.37,0.441519
6.39,0.526679
6.40,0.516195
6.41,0.453033
6.42,0.397997
6.43,0.393020
6.44,0.376275
6.46,0.269795
6.47,0.247748
6.48,0.205264
6.49,0.189575
6.50,0.174249
6.51,0.166356
6.52,0.166687
6.54,0.502516
6.55,0.762281
6.56,0.892932
6.57,0.632673
6.58,0.760700
6.59,0.629341
6.61,0.520923
6.62,0.536009
6.63,0.509770
6.64,0.662019
6.65,0.432732
6.66,0.413249
6.68,0.505036
6.69,0.448470
6.70,0.483702
6.71,0.439951
6.72,0.644620
6.73,0.337440
6.75,0.381419
6.76,0.475856
6.77,0.537518
6.78,0.363201
6.79,0.412348
6.80,0.611677
6.82,0.349137
6.83,0.379075
6.84,0.430585
6.85,0.484856
6.86,0.314428
6.87,0.324883
6.88,0.586657
6.90,0.337886
6.91,0.346820
6.92,0.426825
6.93,0.506367
6.94,0.260314
6.95,0.347412
6.97,0.446235
6.98,0.263464
6.99,0.178362
7.00,0.155536
7.01,0.118714
7.02,0.096725
7.04,0.104480
7.05,0.122071
7.06,0.098742
7.07,0.096219
7.08,0.463853
7.09,0.818036
7.11,0.854248
7.12,0.586100
7.13,0.687465
7.14,0.401571
7.15,0.501030
7.16,0.407251
7.17,0.450595
7.19,0.454429
7.20,0.336508
7.21,0.294700
7.22,0.387877
7.23,0.675138
7.24,0.419957
7.26,0.415338
7.27,0.349680
7.28,0.487598
7.29,0.355005
7.30,0.429379
7.31,0.356169
7.33,0.288063
7.34,0.353814
7.35,0.291270
7.36,0.305684
7.37,0.237026
7.38,0.380887
7.40,0.298158
7.41,0.238351
7.42,0.249701
7.43,0.314787
7.44,0.367567
7.45,0.251127
7.47,0.261460
7.48,0.251823
7.49,0.297135
7.50,0.233496
7.51,0.262091
7.52,0.221041
7.53,0.169472
7.55,0.180083
7.56,0.125096
7.57,0.084826
7.58,0.065956
7.59,0.079938
7.60,0.070017
7.62,0.070310
7.63,0.609417
7.64,0.984816
7.65,1.048584
7.66,0.734603
7.67,0.716194
7.69,0.570468
7.70,0.511506
7.71,0.384008
7.72,0.403204
7.73,0.422070
7.74,0.394750
7.76,0.428488
7.77,0.402234
7.78,0.399933
7.79,0.375022
7.80,0.366219
7.81,0.325374
7.83,0.334121
7.84,0.353527
7.85,0.355714
7.86,0.354890
7.87,0.347459
7.88,0.350343
7.89,0.312368
7.91,0.309267
7.92,0.327067
7.93,0.362420
7.94,0.371407
7.95,0.332393
7.96,0.346734
7.98,0.338304
7.99,0.308022
8.00,0.309731
8.01,0.336670
8.02,0.288223
8.03,0.239360
8.05,0.242588
8.06,0.193674
8.07,0.143499
8.08,0.110218
8.09,0.080692
8.10,0.083907
8.12,0.077820
8.13,0.073059
8.14,0.087700
8.15,0.096034
8.16,0.105586
8.17,0.615263
8.19,0.876977
8.20,0.832573
8.21,0.645975
8.22,0.719247
8.23,0.577888
8.24,0.468950
8.25,0.466212
8.27,0.456911
8.28,0.470279
8.29,0.444420
8.30,0.511435
8.31,0.430141
8.32,0.407410
8.34,0.463859
8.35,0.488871
8.36,0.569523
8.37,0.375553
8.38,0.478032
8.39,0.383913
8.41,0.334366
8.42,0.474719
8.43,0.436097
8.44,0.381448
8.45,0.278373
8.46,0.339696
8.48,0.301342
8.49,0.288200
8.50,0.428481
8.51,0.419753
8.52,0.377762
8.53,0.304203
8.54,0.363848
8.56,0.293259
8.57,0.338471
8.58,0.539436
8.59,0.485574
8.60,0.322877
8.61,0.274349
8.63,0.350165
8.64,0.272564
8.65,0.253034
8.66,0.434954
8.67,0.376635
8.68,0.216014
8.70,0.239969
8.71,0.339455
8.72,0.677355
8.73,0.877012
8.74,0.726858
8.75,0.524222
8.77,0.603478
8.78,0.491811
8.79,0.339834
8.80,0.265831
8.81,0.314712
8.82,0.469834
8.84,0.465819
8.85,0.320107
8.86,0.369706
8.87,0.472068
8.88,0.304918
8.89,0.267570
8.90,0.559113
8.92,0.409801
8.93,0.279148
8.94,0.331277
8.95,0.483181
8.96,0.311482
8.97,0.371947
8.99,0.569932
9.00,0.442758
9.01,0.292911
9.02,0.342923
9.03,0.458065
9.04,0.311057
9.06,0.329614
9.07,0.602281
9.08,0.438150
9.09,0.284703
9.10,0.381482
9.11,0.462079
9.13,0.311232
9.14,0.286726
9.15,0.457215
9.16,0.226020
9.17,0.148069
9.18,0.152636
9.20,0.138392
9.21,0.081620
9.22,0.082601
9.23,0.076543
9.24,0.048928
9.25,0.052809
9.26,0.104895
9.28,0.192231
9.29,0.456291
9.30,0.557508
9.31,0.581965
9.32,0.558841
9.33,0.568822
9.35,0.586263
9.36,0.458593
9.37,0.557515
9.38,0.610342
9.39,0.612341
9.40,0.463840
9.42,0.448509
9.43,0.514582
9.44,0.475337
9.45,0.385702
9.46,0.512127
9.47,0.462972
9.49,0.472891
9.50,0.357196
9.51,0.366670
9.52,0.469366
9.53,0.473108
9.54,0.376032
9.56,0.354487
9.57,0.431429
9.58,0.407610
9.59,0.356649
9.60,0.419458
9.61,0.377284
9.62,0.457972
9.64,0.363071
9.65,0.312208
9.66,0.284922
9.67,0.407152
9.68,0.356345
9.69,0.413960
9.71,0.332918
9.72,0.390943
9.73,0.275053
9.74,0.219057
9.75,0.229078
9.76,0.234640
9.78,0.250047
9.79,0.150479
9.80,0.163172
9.81,0.638056
9.82,0.996156
9.83,0.962081
9.85,0.742029
9.86,0.612109
9.87,0.547728
9.88,0.496531
9.89,0.489866
9.90,0.502794
9.91,0.471546
9.93,0.407919
9.94,0.396367
9.95,0.405177
9.96,0.363995
9.97,0.337523
9.98,0.391305
10.00,0.330363
10.01,0.268782
10.02,0.353673
10.03,0.363970
10.04,0.354390
10.05,0.306575
10.07,0.356025
10.08,0.356560
10.09,0.262543
10.10,0.327002
10.11,0.305318
10.12,0.286875
10.14,0.313471
10.15,0.425074
10.16,0.339313
10.17,0.261933
10.18,0.417911
10.19,0.352948
10.21,0.314172
10.22,0.260530
10.23,0.329745
10.24,0.301048
10.25,0.188964
10.26,0.181946
10.27,0.144047
10.29,0.112232
10.30,0.107373
10.31,0.110537
10.32,0.271006
10.33,0.397696
10.34,0.469991
10.36,0.543772
10.37,0.462073
10.38,0.418858
10.39,0.489433
10.40,0.476581
10.41,0.402830
10.43,0.402872
10.44,0.479077
10.45,0.443918
10.46,0.489858
10.47,0.422194
10.48,0.432832
10.50,0.422760
10.51,0.433150
10.52,0.405699
10.53,0.309602
10.54,0.435833
10.55,0.473878
10.57,0.379723
10.58,0.345138
10.59,0.394125
10.60,0.458628
10.61,0.353939
10.62,0.312500
10.63,0.408579
10.65,0.431857
10.66,0.356580
10.67,0.339520
10.68,0.321092
10.69,0.440630
10.70,0.384180
10.72,0.304864
10.73,0.218628
10.74,0.271426
10.75,0.308123
10.76,0.264878
10.77,0.232545
10.79,0.184034
10.80,0.175942
10.81,0.128205
10.82,0.104308
10.83,0.116801
10.84,0.089720
10.86,0.089435
10.87,0.090626
10.88,0.073945
10.89,0.266504
10.90,0.987143
10.91,1.164931
10.92,0.887576
10.94,0.785510
10.95,0.648076
10.96,0.638029
10.97,0.521795
10.98,0.562864
10.99,0.627157
11.01,0.574473
11.02,0.563821
11.03,0.543270
11.04,0.614502
11.05,0.605110
11.06,0.734733
11.08,0.531173
11.09,0.404684
11.10,0.521626
11.11,0.620875
11.12,0.560104
11.13,0.408715
11.15,0.461461
11.16,0.586712
11.17,0.516751
11.18,0.403893
11.19,0.430722
11.20,0.478068
11.22,0.472272
11.23,0.437964
11.24,0.456377
11.25,0.465338
11.26,0.525418
11.27,0.556628
11.28,0.478890
11.30,0.418680
11.31,0.523638
11.32,0.544713
11.33,0.459388
11.34,0.429560
11.35,0.536061
11.37,0.561083
11.38,0.413048
11.39,0.404787
11.40,0.478692
11.41,0.485172
11.42,0.439319
11.44,0.520791
11.45,0.485667
11.46,0.522731
11.47,0.543689
11.48,0.527331
11.49,0.501235
11.51,0.540124
11.52,0.510656
11.53,0.489758
11.54,0.451347
11.55,0.464163
11.56,0.430583
11.58,0.452746
11.59,0.452145
11.60,0.463976
11.61,0.484582
11.62,0.459043
11.63,0.468296
11.64,0.511517
11.66,0.530910
11.67,0.481406
11.68,0.495586
11.69,0.450667
11.70,0.481456
11.71,0.439573
11.73,0.496192
11.74,0.462612
11.75,0.480974
11.76,0.467504
11.77,0.491763
11.78,0.450506
11.80,0.508653
11.81,0.474397
11.82,0.470542
11.83,0.450059
11.84,0.466091
11.85,0.417053
11.87,0.442572
11.88,0.432403
11.89,0.387385
11.90,0.387036
11.91,0.388306
11.92,0.387187
11.94,0.398523
11.95,0.380674
11.96,0.361556
11.97,0.398056
11.98,0.487182
11.99,0.947779
12.00,1.059414
12.02,0.782986
12.03,0.642658
12.04,0.516781
12.05,0.494010
12.06,0.502298
12.07,0.466337
12.09,0.453657
12.10,0.448503
12.11,0.425665
12.12,0.454060
12.13,0.463344
12.14,0.366750
12.16,0.426014
12.17,0.404415
12.18,0.386849
12.19,0.395172
12.20,0.420750
12.21,0.411133
12.23,0.380628
12.24,0.410337
12.25,0.342617
12.26,0.358499
12.27,0.341367
12.28,0.427414
12.29,0.396937
12.31,0.320389
12.32,0.363326
12.33,0.324795
12.34,0.331478
12.35,0.330920
12.36,0.393446
12.38,0.316611
12.39,0.276356
12.40,0.346862
12.41,0.286889
12.42,0.259390
12.43,0.202359
12.45,0.219503
12.46,0.175438
12.47,0.114803
12.48,0.117570
12.49,0.105351
12.50,0.109602
12.52,0.108140
12.53,0.250470
12.54,0.740814
12.55,0.976311
12.56,0.666945
12.57,0.621619
12.59,0.710317
12.60,0.840092
12.61,0.681434
12.62,0.668319
12.63,0.768546
12.64,0.568777
12.65,0.532837
12.67,0.570429
12.68,0.492461
12.69,0.536710
12.70,0.575002
12.71,0.514419
12.72,0.494803
12.74,0.474253
12.75,0.457387
12.76,0.444605
12.77,0.465317
12.78,0.454640
12.79,0.447736
12.81,0.388509
12.82,0.376415
12.83,0.369415
12.84,0.419325
12.85,0.451286
12.86,0.449935
12.88,0.461533
12.89,0.435869
12.90,0.441082
12.91,0.446041
12.92,0.432784
12.93,0.411659
12.95,0.420125
12.96,0.425220
12.97,0.423486
12.98,0.403289
12.99,0.310449
13.00,0.277923
13.01,0.309692
13.03,0.313913
13.04,0.348291
13.05,0.318632
13.06,0.321397
13.07,0.404456
13.08,0.843414
13.10,1.021168
13.11,0.840641
13.12,0.769008
13.13,0.763425
13.14,0.518330
13.15,0.406201
13.17,0.447251
13.18,0.487222
13.19,0.384757
13.20,0.437115
13.21,0.549251
13.22,0.424714
13.24,0.514859
13.25,0.505370
13.26,0.606880
13.27,0.425268
13.28,0.528185
13.29,0.560414
13.31,0.432085
13.32,0.568378
13.33,0.619774
13.34,0.615280
13.35,0.487865
13.36,0.477868
13.37,0.540891
13.39,0.445335
13.40,0.485461
13.41,0.579692
13.42,0.555599
13.43,0.408245
13.44,0.437930
13.46,0.479541
13.47,0.396493
13.48,0.438579
13.49,0.484943
13.50,0.472631
13.51,0.381198
13.53,0.363366
13.54,0.392237
13.55,0.346870
13.56,0.338316
13.57,0.462085
13.58,0.384482
13.60,0.316312
13.61,0.330970
13.62,0.339918
13.63,0.277948
13.64,0.273563
13.65,0.370581
13.66,0.385553
13.68,0.414533
13.69,0.385247
13.70,0.442755
13.71,0.529385
13.72,0.522290
13.73,0.506192
13.75,0.474849
13.76,0.456470
13.77,0.468601
13.78,0.514321
13.79,0.557535
13.80,0.504877
13.82,0.483272
13.83,0.491342
13.84,0.529201
13.85,0.494720
13.86,0.433848
13.87,0.506250
13.89,0.545643
13.90,0.485170
13.91,0.398115
13.92,0.458352
13.93,0.501604
13.94,0.432768
13.96,0.358221
13.97,0.477965
13.98,0.503647
13.99,0.445014
14.00,0.462178
14.01,0.507982
14.02,0.527848
14.04,0.524176
14.05,0.440510
14.06,0.408138
14.07,0.387496
14.08,0.388015
14.09,0.295082
14.11,0.303529
14.12,0.277392
14.13,0.281354
14.14,0.289229
14.15,0.328669
14.16,0.320049
14.18,1.017864
14.19,1.138642
14.20,1.025922
14.21,0.758259
14.22,0.663418
14.23,0.653332
14.25,0.598999
14.26,0.602493
14.27,0.636099
14.28,0.651925
14.29,0.596506
14.30,0.581834
14.32,0.523829
14.33,0.502280
14.34,0.443547
14.35,0.468377
14.36,0.486847
14.37,0.484634
14.38,0.490944
14.40,0.468523
14.41,0.453246
14.42,0.459616
14.43,0.468376
14.44,0.456137
14.45,0.427402
14.47,0.376325
14.48,0.406610
14.49,0.436335
14.50,0.426972
14.51,0.429644
14.52,0.431746
14.54,0.472126
14.55,0.489965
14.56,0.493702
14.57,0.503035
14.58,0.492527
14.59,0.528367
14.61,0.466559
14.62,0.422328
14.63,0.399419
14.64,0.417024
14.65,0.409164
14.66,0.377375
14.68,0.412854
14.69,0.413236
14.70,0.386865
14.71,0.348824
14.72,0.340001
14.73,0.325770
14.74,0.335688
14.76,0.334864
14.77,0.384449
14.78,0.505420
14.79,0.520022
14.80,0.448986
14.81,0.497384
14.83,0.628001
14.84,0.535186
14.85,0.560370
14.86,0.491920
14.87,0.465286
14.88,0.503091
14.90,0.550520
14.91,0.570871
14.92,0.494177
14.93,0.513811
14.94,0.515566
14.95,0.480941
14.97,0.520327
14.98,0.544815
14.99,0.569724
15.00,0.564362
15.01,0.574823
15.02,0.590900
15.03,0.488913
15.05,0.510618
15.06,0.482164
15.07,0.504100
15.08,0.492107
15.09,0.464801
15.10,0.446572
15.12,0.471342
15.13,0.413754
15.14,0.417137
15.15,0.365317
15.16,0.328200
15.17,0.310862
15.19,0.252090
15.20,0.243966
15.21,0.206651
15.22,0.224795
15.23,0.295949
15.24,0.390075
15.26,0.374975
15.27,0.431819
15.28,0.789067
15.29,0.866006
15.30,0.788452
15.31,0.670726
15.33,0.768647
15.34,0.645348
15.35,0.508072
15.36,0.505685
15.37,0.550093
15.38,0.446073
15.39,0.522744
15.41,0.536501
15.42,0.380203
15.43,0.390330
15.44,0.452408
15.45,0.466113
15.46,0.380390
15.48,0.450381
15.49,0.455007
15.50,0.346225
15.51,0.427360
15.52,0.454260
15.53,0.428673
15.55,0.362955
15.56,0.378147
15.57,0.403129
15.58,0.354080
15.59,0.363439
15.60,0.457717
15.62,0.398941
15.63,0.284969
15.64,0.348348
15.65,0.442559
15.66,0.358195
15.67,0.367301
15.69,0.478418
15.70,0.395821
15.71,0.312666
15.72,0.318272
15.73,0.366511
15.74,0.310148
15.75,0.242519
15.77,0.272827
15.78,0.211218
15.79,0.176443
15.80,0.184480
15.81,0.647324
15.82,1.028047
15.84,1.021732
15.85,0.856166
15.86,0.942448
15.87,0.920582
15.88,0.798125
15.89,0.632404
15.91,0.780001
15.92,0.647771
15.93,0.806960
15.94,0.775222
15.95,0.728700
15.96,0.767439
15.98,0.681817
15.99,0.821115
16.00,0.701784
16.01,0.616852
16.02,0.651129
16.03,0.564537
16.04,0.743735
16.06,0.658185
16.07,0.689575
16.08,0.576661
16.09,0.530455
16.10,0.560871
16.11,0.561411
16.13,0.678362
16.14,0.579704
16.15,0.679721
16.16,0.560765
16.17,0.548954
16.18,0.535218
16.20,0.516753
16.21,0.600094
16.22,0.486010
16.23,0.598456
16.24,0.426647
16.25,0.386357
16.27,0.350363
16.28,0.321135
16.29,0.383837
16.30,0.374016
16.31,0.394654
16.32,0.276575
16.34,0.277499
16.35,0.398159
16.36,0.898722
16.37,1.135128
16.38,0.914897
16.39,0.846680
16.40,0.743314
16.42,0.734788
16.43,0.570884
16.44,0.479159
16.45,0.614882
16.46,0.669570
16.47,0.628459
16.49,0.525724
16.50,0.561020
16.51,0.540369
16.52,0.612996
16.53,0.606817
16.54,0.561434
16.56,0.534132
16.57,0.558134
16.58,0.546222
16.59,0.551409
16.60,0.487615
16.61,0.498923
16.63,0.523256
16.64,0.561297
16.65,0.633108
16.66,0.518769
16.67,0.730579
16.68,0.668430
16.70,0.586604
16.71,0.481758
16.72,0.552603
16.73,0.533069
16.74,0.568627
16.75,0.643751
16.76,0.557119
16.78,0.515776
16.79,0.443797
16.80,0.546950
16.81,0.446238
16.82,0.445456
16.83,0.464040
16.85,0.425578
16.86,0.384781
16.87,0.338439
16.88,0.320725
16.89,0.299803
16.90,0.463868
16.92,0.925507
16.93,0.948053
16.94,0.698427
16.95,0.622046
16.96,0.614030
16.97,0.538676
16.99,0.580287
17.00,0.666182
17.01,0.706113
17.02,0.643993
17.03,0.630815
17.04,0.660227
17.06,0.595767
17.07,0.572197
17.08,0.586840
17.09,0.609494
17.10,0.572142
17.11,0.641587
17.12,0.592351
17.14,0.591882
17.15,0.531954
17.16,0.503838
17.17,0.521213
17.18,0.608494
17.19,0.496498
17.21,0.525793
17.22,0.594077
17.23,0.606758
17.24,0.464427
17.25,0.580141
17.26,0.578938
17.28,0.510363
17.29,0.492976
17.30,0.496779
17.31,0.542901
17.32,0.480986
17.33,0.475841
17.35,0.498361
17.36,0.450780
17.37,0.425249
17.38,0.493683
17.39,0.440407
17.40,0.381636
17.41,0.301661
17.43,0.299085
17.44,0.406131
17.45,0.850491
17.46,1.061300
17.47,0.735156
17.48,0.705052
17.50,0.677337
17.51,0.583832
17.52,0.588528
17.53,0.554656
17.54,0.538815
17.55,0.533320
17.57,0.541329
17.58,0.606546
17.59,0.606791
17.60,0.610087
17.61,0.526714
17.62,0.574054
17.64,0.618805
17.65,0.618546
17.66,0.564969
17.67,0.571191
17.68,0.586145
17.69,0.634821
17.71,0.621992
17.72,0.554478
17.73,0.592534
17.74,0.577839
17.75,0.638383
17.76,0.548602
17.77,0.583316
17.79,0.543211
17.80,0.527764
17.81,0.482444
17.82,0.496513
17.83,0.441420
17.84,0.405850
17.86,0.394006
17.87,0.380578
17.88,0.368372
17.89,0.379108
17.90,0.384170
17.91,0.361028
17.93,0.360230
17.94,0.335239
17.95,0.316277
17.96,0.317958
17.97,0.319587
17.98,0.295989
18.00,0.301436
18.01,0.341612
18.02,0.450197
18.03,0.382775
18.04,0.403076
18.05,0.374599
18.07,0.406025
18.08,0.391921
18.09,0.419483
18.10,0.452876
18.11,0.381747
18.12,0.408192
18.13,0.414253
18.15,0.455721
18.16,0.382408
18.17,0.436087
18.18,0.390421
18.19,0.431888
18.20,0.373918
18.22,0.374893
18.23,0.331071
18.24,0.371385
18.25,0.419846
18.26,0.386743
18.27,0.307972
18.29,0.363459
18.30,0.361083
18.31,0.440694
18.32,0.334155
18.33,0.375476
18.34,0.359888
18.36,0.375796
18.37,0.371167
18.38,0.398416
18.39,0.420497
18.40,0.343988
18.41,0.385287
18.43,0.401543
18.44,0.323638
18.45,0.284658
18.46,0.358716
18.47,0.365680
18.48,0.301171
18.49,0.280630
18.51,0.240616
18.52,0.262314
18.53,0.344708
18.54,0.839078
18.55,1.033480
18.56,0.972275
18.58,0.706766
18.59,0.493698
18.60,0.511406
18.61,0.631063
18.62,0.611182
18.63,0.546870
18.65,0.502355
18.66,0.503012
18.67,0.490621
18.68,0.508339
18.69,0.532270
18.70,0.499803
18.72,0.542009
18.73,0.524821
18.74,0.453100
18.75,0.451104
18.76,0.486766
18.77,0.485357
18.78,0.511953
18.80,0.510275
18.81,0.528286
18.82,0.484514
18.83,0.494175
18.84,0.499663
18.85,0.472328
18.87,0.434924
18.88,0.449311
18.89,0.436124
18.90,0.456038
18.91,0.423360
18.92,0.431869
18.94,0.474885
18.95,0.462188
18.96,0.450717
18.97,0.457306
18.98,0.410226
18.99,0.396665
19.01,0.319146
19.02,0.312428
19.03,0.247499
19.04,0.244198
19.05,0.232148
19.06,0.245602
19.08,0.235039
19.09,0.541337
19.10,0.763370
19.11,0.627838
19.12,0.584113
19.13,0.482942
19.14,0.397997
19.16,0.417333
19.17,0.364732
19.18,0.424684
19.19,0.372828
19.20,0.342957
19.21,0.449132
19.23,0.346664
19.24,0.359342
19.25,0.374204
19.26,0.459012
19.27,0.274657
19.28,0.327547
19.30,0.346801
19.31,0.395628
19.32,0.316726
19.33,0.330839
19.34,0.293664
19.35,0.377670
19.37,0.334432
19.38,0.336333
19.39,0.288740
19.40,0.322056
19.41,0.362571
19.42,0.257013
19.44,0.350344
19.45,0.352179
19.46,0.586588
19.47,0.372687
19.48,0.278043
19.49,0.315205
19.50,0.566343
19.52,0.395466
19.53,0.311075
19.54,0.243869
19.55,0.289855
19.56,0.286542
19.57,0.208360
19.59,0.222619
19.60,0.316294
19.61,0.496934
19.62,0.705376
19.63,0.902569
19.64,0.951614
19.66,0.959690
19.67,0.905718
19.68,1.001578
19.69,0.990627
19.70,0.934363
19.71,0.931764
19.73,0.797166
19.74,0.730214
19.75,0.804084
19.76,0.789396
19.77,0.806500
19.78,0.745447
19.80,0.661607
19.81,0.583542
19.82,0.718169
19.83,0.790452
19.84,0.659123
19.85,0.581900
19.86,0.765870
19.88,0.792365
19.89,0.761875
19.90,0.651540
19.91,0.772279
19.92,0.706008
19.93,0.747448
19.95,0.693446
19.96,0.714071
19.97,0.750049
19.98,0.779948
19.99,0.647734
20.00,0.619261
20.02,0.710509
20.03,0.742171
20.04,0.664080
20.05,0.652898
20.06,0.609660
20.07,0.610866
20.09,0.566732
20.10,0.555764
20.11,0.644800
20.12,0.593357
20.13,0.573528
20.14,0.564928
20.15,0.682789
20.17,0.606564
20.18,0.574034
20.19,0.588367
20.20,0.695844
20.21,0.689564
20.22,0.649588
20.24,0.639610
20.25,0.730392
20.26,0.719286
20.27,0.771952
20.28,0.645349
20.29,0.663358
20.31,0.653816
20.32,0.705416
20.33,0.686511
20.34,0.664734
20.35,0.785984
20.36,0.712152
20.38,0.641574
20.39,0.619296
20.40,0.681946
20.41,0.673135
20.42,0.602538
20.43,0.525434
20.45,0.592047
20.46,0.664652
20.47,0.593604
20.48,0.571126
20.49,0.641346
20.50,0.636165
20.51,0.621938
20.53,0.572478
20.54,0.634541
20.55,0.593485
20.56,0.625317
20.57,0.541407
20.58,0.592262
20.60,0.567323
20.61,0.604003
20.62,0.498827
20.63,0.588121
20.64,0.591896
20.65,0.534423
20.67,0.459953
20.68,0.462064
20.69,0.500888
20.70,0.575797
20.71,0.847245
20.72,1.097953
20.74,0.922091
20.75,0.636469
20.76,0.680572
20.77,0.672611
20.78,0.615128
20.79,0.577749
20.81,0.583961
20.82,0.571659
20.83,0.585206
20.84,0.643126
20.85,0.636952
20.86,0.627952
20.87,0.597534
20.89,0.594223
20.90,0.596415
20.91,0.577404
20.92,0.579942
20.93,0.661358
20.94,0.569126
20.96,0.611266
20.97,0.629905
20.98,0.620684
20.99,0.589713
21.00,0.610694
21.01,0.713163
21.03,0.670683
21.04,0.569311
21.05,0.615993
21.06,0.654349
21.07,0.623440
21.08,0.533611
21.10,0.605221
21.11,0.575522
21.12,0.559070
21.13,0.526136
21.14,0.553366
21.15,0.547670
21.16,0.581877
21.18,0.568243
21.19,0.489384
21.20,0.517816
21.21,0.571807
21.22,0.523956
21.23,0.512607
21.25,0.509792
21.26,0.555387
21.27,0.806218
21.28,0.870521
21.29,0.762152
21.30,0.727644
21.32,0.767965
21.33,0.817125
21.34,0.809639
21.35,0.625147
21.36,0.667025
21.37,0.560144
21.39,0.502475
21.40,0.589503
21.41,0.753734
21.42,0.642485
21.43,0.543668
21.44,0.574948
21.46,0.534896
21.47,0.732455
21.48,0.713354
21.49,0.564628
21.50,0.604946
21.51,0.617245
21.52,0.681632
21.54,0.585578
21.55,0.564639
21.56,0.620673
21.57,0.600501
21.58,0.574719
21.59,0.560080
21.61,0.629610
21.62,0.643861
21.63,0.570689
21.64,0.545628
21.65,0.562453
21.66,0.617469
21.68,0.526234
21.69,0.465349
21.70,0.580899
21.71,0.604906
21.72,0.550089
21.73,0.411860
21.75,0.496119
21.76,0.470378
21.77,0.510617
21.78,0.497064
21.79,0.480349
21.80,0.658871
21.82,0.810633
21.83,0.974656
21.84,0.991691
21.85,0.931888
21.86,0.871551
21.87,0.752704
21.88,0.637782
21.90,0.606261
21.91,0.632897
21.92,0.691380
21.93,0.614382
21.94,0.753596
21.95,0.647169
21.97,0.622485
21.98,0.606557
21.99,0.759075
22.00,0.623669
22.01,0.699441
22.02,0.701345
22.04,0.713172
22.05,0.570208
22.06,0.675960
22.07,0.660473
22.08,0.669584
22.09,0.582452
22.11,0.611731
22.12,0.630324
22.13,0.631910
22.14,0.496876
22.15,0.597292
22.16,0.608701
22.18,0.696039
22.19,0.529020
22.20,0.477986
22.21,0.549691
22.22,0.590594
22.23,0.586000
22.24,0.500870
22.26,0.547930
22.27,0.552653
22.28,0.590759
22.29,0.528989
22.30,0.558966
22.31,0.643533
22.33,0.670040
22.34,0.596528
22.35,0.535285
22.36,0.616192
22.37,0.667981
22.38,0.680807
22.40,0.569107
22.41,0.553789
22.42,0.635703
22.43,0.759604
22.44,0.709239
22.45,0.574256
22.47,0.640082
22.48,0.672734
22.49,0.740265
22.50,0.670578
22.51,0.562420
22.52,0.695806
22.53,0.707233
22.55,0.698900
22.56,0.649827
22.57,0.699418
22.58,0.627329
22.59,0.738311
22.60,0.718478
22.62,0.729614
22.63,0.640998
22.64,0.685002
22.65,0.618331
22.66,0.566147
22.67,0.636042
22.69,0.663732
22.70,0.633027
22.71,0.541594
22.72,0.585240
22.73,0.575445
22.74,0.689136
22.76,0.570623
22.77,0.514331
22.78,0.589035
22.79,0.587335
22.80,0.554097
22.81,0.515108
22.83,0.517893
22.84,0.624411
22.85,0.600965
22.86,0.474491
22.87,0.432813
22.88,0.526212
22.89,0.915617
22.91,1.094523
22.92,1.147166
22.93,0.858167
22.94,0.755530
22.95,0.653034
22.96,0.594653
22.98,0.680917
22.99,0.671896
23.00,0.630717
23.01,0.607037
23.02,0.687007
23.03,0.735639
23.05,0.787617
23.06,0.715901
23.07,0.655189
23.08,0.687388
23.09,0.742318
23.10,0.776351
23.12,0.674909
23.13,0.704229
23.14,0.737672
23.15,0.754595
23.16,0.609290
23.17,0.588971
23.19,0.691472
23.20,0.701074
23.21,0.644440
23.22,0.700062
23.23,0.657348
23.24,0.589001
23.25,0.610849
23.27,0.681598
23.28,0.686673
23.29,0.652103
23.30,0.662319
23.31,0.712311
23.32,0.566143
23.34,0.517344
23.35,0.538723
23.36,0.637716
23.37,0.527861
23.38,0.532119
23.39,0.553445
23.41,0.519693
23.42,0.617732
23.43,0.757265
23.44,0.726408
23.45,0.534914
23.46,0.549710
23.48,0.716146
23.49,0.755450
23.50,0.658178
23.51,0.650690
23.52,0.658370
23.53,0.669349
23.55,0.739462
23.56,0.572913
23.57,0.536066
23.58,0.681767
23.59,0.709574
23.60,0.686800
23.61,0.629916
23.63,0.605515
23.64,0.599515
23.65,0.694899
23.66,0.584930
23.67,0.617824
23.68,0.567495
23.70,0.602681
23.71,0.667535
23.72,0.737873
23.73,0.641956
23.74,0.691313
23.75,0.684951
23.77,0.702553
23.78,0.574784
23.79,0.593339
23.80,0.687039
23.81,0.578558
23.82,0.603645
23.84,0.641036
23.85,0.547784
23.86,0.601340
23.87,0.549516
23.88,0.540495
23.89,0.513445
23.90,0.523306
23.92,0.475892
23.93,0.505066
23.94,0.476004
23.95,0.525958
23.96,0.526053
23.97,0.584624
23.99,0.708728
24.00,1.043593
24.01,1.067449
24.02,0.942076
24.03,0.861518
24.04,0.864011
24.06,0.668437
24.07,0.603125
24.08,0.760188
24.09,0.667876
24.10,0.660929
24.11,0.558961
24.13,0.779445
24.14,0.660785
24.15,0.637212
24.16,0.692323
24.17,0.661677
24.18,0.693889
24.20,0.612091
24.21,0.739126
24.22,0.598329
24.23,0.643195
24.24,0.710239
24.25,0.756449
24.26,0.728779
24.28,0.617556
24.29,0.740447
24.30,0.637382
24.31,0.649286
24.32,0.640792
24.33,0.696335
24.35,0.725774
24.36,0.692843
24.37,0.739008
24.38,0.639830
24.39,0.589649
24.40,0.611518
24.42,0.626251
24.43,0.613353
24.44,0.459260
24.45,0.395748
24.46,0.346220
24.47,0.304704
24.49,0.317706
24.50,0.356246
24.51,0.474459
24.52,0.431147
24.53,0.440326
24.54,0.743712
24.56,0.894015
24.57,0.869479
24.58,0.784626
24.59,0.744955
24.60,0.661392
24.61,0.748744
24.62,0.615143
24.64,0.626609
24.65,0.539511
24.66,0.485557
24.67,0.555821
24.68,0.557816
24.69,0.614250
24.71,0.603923
24.72,0.667616
24.73,0.551846
24.74,0.588550
24.75,0.530681
24.76,0.526197
24.78,0.500601
24.79,0.610860
24.80,0.552348
24.81,0.565161
24.82,0.522028
24.83,0.525869
24.85,0.578434
24.86,0.518797
24.87,0.576069
24.88,0.528505
24.89,0.531183
24.90,0.539375
24.92,0.477476
24.93,0.485451
24.94,0.484832
24.95,0.505371
24.96,0.552121
24.97,0.530379
24.98,0.463212
25.00,0.495429
25.01,0.483872
25.02,0.510372
25.03,0.486064
25.04,0.434997
25.05,0.406522
25.07,0.343160
25.08,0.338658
25.09,0.430318
25.10,0.382130
25.11,0.426732
25.12,0.616197
25.14,0.617285
25.15,0.708611
25.16,0.703243
25.17,0.705558
25.18,0.576200
25.19,0.591909
25.21,0.614303
25.22,0.526071
25.23,0.629391
25.24,0.713737
25.25,0.676599
25.26,0.684994
25.27,0.623275
25.29,0.604717
25.30,0.575701
25.31,0.661088
25.32,0.791357
25.33,0.693611
25.34,0.746041
25.36,0.574593
25.37,0.590811
25.38,0.621677
25.39,0.602630
25.40,0.685856
25.41,0.598967
25.43,0.667368
25.44,0.574183
25.45,0.543808
25.46,0.635626
25.47,0.620748
25.48,0.672134
25.50,0.527639
25.51,0.569208
25.52,0.525545
25.53,0.510874
25.54,0.511351
25.55,0.506052
25.57,0.517576
25.58,0.474832
25.59,0.531020
25.60,0.466449
25.61,0.503147
25.62,0.549494
25.63,1.103649
25.65,1.148088
25.66,0.720898
25.67,0.630817
25.68,0.646271
25.69,0.677609
25.70,0.609864
25.72,0.633954
25.73,0.577826
25.74,0.584846
25.75,0.575465
25.76,0.602989
25.77,0.576157
25.79,0.553166
25.80,0.678155
25.81,0.567576
25.82,0.543042
25.83,0.480060
25.84,0.530521
25.86,0.603171
25.87,0.600955
25.88,0.591370
25.89,0.521747
25.90,0.542495
25.91,0.534983
25.93,0.541954
25.94,0.586394
25.95,0.646809
25.96,0.657593
25.97,0.619655
25.98,0.541521
25.99,0.539601
26.01,0.598582
26.02,0.620528
26.03,0.677451
26.04,0.598965
26.05,0.612552
26.06,0.568356
26.08,0.569659
26.09,0.658793
26.10,0.641485
26.11,0.593412
26.12,0.468404
26.13,0.388151
26.15,0.348723
26.16,0.320351
26.17,0.514620
26.18,0.797580
26.19,1.012523
26.20,0.854866
26.22,0.877830
26.23,0.681617
26.24,0.562924
26.25,0.566319
26.26,0.487617
26.27,0.584256
26.28,0.556629
26.30,0.541222
26.31,0.512805
26.32,0.550510
26.33,0.567488
26.34,0.559848
26.35,0.705022
26.37,0.620538
26.38,0.448772
26.39,0.472632
26.40,0.545243
26.41,0.535734
26.42,0.559545
26.44,0.480520
26.45,0.340211
26.46,0.349858
26.47,0.374956
26.48,0.392453
26.49,0.338243
26.51,0.308381
26.52,0.349122
26.53,0.333394
26.54,0.355826
26.55,0.332884
26.56,0.319919
26.58,0.260612
26.59,0.258274
26.60,0.244219
26.61,0.231042
26.62,0.236498
26.63,0.200152
26.64,0.156828
26.66,0.162540
26.67,0.160950
26.68,0.183234
26.69,0.378024
26.70,0.399917
26.71,0.781595
26.73,1.023902
26.74,0.992665
26.75,0.814231
26.76,0.747722
26.77,0.695055
26.78,0.669088
26.80,0.684527
26.81,0.652866
26.82,0.623925
26.83,0.595491
26.84,0.634960
26.85,0.636573
26.87,0.643123
26.88,0.656714
26.89,0.566981
26.90,0.584686
26.91,0.548187
26.92,0.591641
26.94,0.554073
26.95,0.559662
26.96,0.571579
26.97,0.588867
26.98,0.593166
26.99,0.561966
27.00,0.597817
27.02,0.584034
27.03,0.541822
27.04,0.547796
27.05,0.570768
27.06,0.578653
27.07,0.524400
27.09,0.564460
27.10,0.537234
27.11,0.527584
27.12,0.584846
27.13,0.563582
27.14,0.551658
27.16,0.505220
27.17,0.536690
27.18,0.453391
27.19,0.401070
27.20,0.351170
27.21,0.319256
27.23,0.275534
27.24,0.264946
27.25,0.216229
27.26,0.498470
27.27,0.732350
27.28,0.891945
27.30,0.670093
27.31,0.705393
27.32,0.492753
27.33,0.445922
27.34,0.468994
27.35,0.343258
27.36,0.410430
27.38,0.405132
27.39,0.424457
27.40,0.385788
27.41,0.364816
27.42,0.399721
27.43,0.411515
27.45,0.496215
27.46,0.420351
27.47,0.398975
27.48,0.334181
27.49,0.238793
27.50,0.278197
27.52,0.289565
27.53,0.399119
27.54,0.344408
27.55,0.353564
27.56,0.365293
27.57,0.418711
27.59,0.415047
27.60,0.436557
27.61,0.512648
27.62,0.486157
27.63,0.504707
27.64,0.454257
27.65,0.460494
27.67,0.451137
27.68,0.420606
27.69,0.443913
27.70,0.411224
27.71,0.441977
27.72,0.312437
27.74,0.253717
27.75,0.259926
27.76,0.209169
27.77,0.209490
27.78,0.178613
27.79,0.197461
27.81,0.499078
27.82,0.942234
27.83,1.002393
27.84,0.718287
27.85,0.826923
27.86,0.705352
27.88,0.631385
27.89,0.552301
27.90,0.546354
27.91,0.596235
27.92,0.527157
27.93,0.456742
27.95,0.530543
27.96,0.565778
27.97,0.508772
27.98,0.413325
27.99,0.449751
28.00,0.515886
28.01,0.580119
28.03,0.445362
28.04,0.466140
28.05,0.582368
28.06,0.518066
28.07,0.355882
28.08,0.458604
28.10,0.519089
28.11,0.491140
28.12,0.405777
28.13,0.479721
28.14,0.496457
28.15,0.448826
28.17,0.400098
28.18,0.354038
28.19,0.405188
28.20,0.342381
28.21,0.312339
28.22,0.234544
28.24,0.232241
28.25,0.250387
28.26,0.214846
28.27,0.190117
28.28,0.161739
28.29,0.131915
28.31,0.138425
28.32,0.145791
28.33,0.135713
28.34,0.145989
28.35,0.492635
28.36,0.812534
28.37,0.795011
28.39,0.754607
28.40,0.636178
28.41,0.774289
28.42,0.406890
28.43,0.389565
28.44,0.438627
28.46,0.298652
28.47,0.413453
28.48,0.548300
28.49,0.485065
28.50,0.370922
28.51,0.403895
28.53,0.361348
28.54,0.419485
28.55,0.432831
28.56,0.388021
28.57,0.353856
28.58,0.373912
28.60,0.430878
28.61,0.322694
28.62,0.342661
28.63,0.332218
28.64,0.423173
28.65,0.333986
28.67,0.357490
28.68,0.334012
28.69,0.373322
28.70,0.289204
28.71,0.297816
28.72,0.282177
28.73,0.330306
28.75,0.361131
28.76,0.280450
28.77,0.260212
28.78,0.263919
28.79,0.261972
28.80,0.207537
28.82,0.203484
28.83,0.190189
28.84,0.174657
28.85,0.129855
28.86,0.315348
28.87,0.385877
28.89,0.627207
28.90,1.114136
28.91,1.165742
28.92,0.939605
28.93,0.828517
28.94,0.812680
28.96,0.702269
28.97,0.691931
28.98,0.654377
28.99,0.640473
29.00,0.588313
29.01,0.604386
29.02,0.595715
29.04,0.595621
29.05,0.554441
29.06,0.531668
29.07,0.475070
29.08,0.377299
29.09,0.433082
29.11,0.471033
29.12,0.427009
29.13,0.485474
29.14,0.463122
29.15,0.358211
29.16,0.412747
29.18,0.375309
29.19,0.449785
29.20,0.427584
29.21,0.419429
29.22,0.305056
29.23,0.307418
29.25,0.311171
29.26,0.332514
29.27,0.276413
29.28,0.245150
29.29,0.265060
29.30,0.220910
29.32,0.204108
29.33,0.196926
29.34,0.175390
29.35,0.203738
29.36,0.179282
29.37,0.139431
29.38,0.124895
29.40,0.179727
29.41,0.371611
29.42,0.414706
29.43,0.464036
29.44,0.678712
29.45,0.842106
29.47,0.951024
29.48,0.690448
29.49,0.708675
29.50,0.714027
29.51,0.592067
29.52,0.600974
29.54,0.508567
29.55,0.470445
29.56,0.587842
29.57,0.780916
29.58,0.635478
29.59,0.578219
29.61,0.506918
29.62,0.464980
29.63,0.573034
29.64,0.505642
29.65,0.511695
29.66,0.492640
29.68,0.457625
29.69,0.431777
29.70,0.509548
29.71,0.414957
29.72,0.475121
29.73,0.515011
29.74,0.460890
29.76,0.432202
29.77,0.472001
29.78,0.433254
29.79,0.472275
29.80,0.355113
29.81,0.405008
29.83,0.329928
29.84,0.265173
29.85,0.221912
29.86,0.267696
29.87,0.259088
