4.55
5.51
6.51
7.00
8.52
9.50
10.43
10.93
12.46
13.40
14.42
16.38
17.31
17.79
18.36
18.79
20.32
21.25
22.29
22.72
24.26
25.24
26.22
26.66
27.65
28.15
29.16
30.15
30.57
31.57
32.07
33.05
34.05
35.03
35.52
36.00
36.49
37.12
37.96
38.61
39.59
39.93
41.09
41.90
42.58
43.53
43.86
45.08
45.83
46.54
47.34
47.81
48.52
48.97
49.77
50.46
51.41
51.73
52.89
53.71
54.34
55.32
55.67
56.20
56.89
57.64
58.38
59.29
59.61
60.64
61.58
62.25
63.09
63.54
64.23
64.69
65.50
66.19
67.14
67.47
67.97
68.60
68.92
69.44
70.09
71.07
71.40
72.64
73.38
74.11
75.02
75.35
76.58
77.31
78.02
78.95
79.27
80.00
80.49
81.24
81.94
82.86
83.21
84.35
85.18
85.90
86.81
87.15
87.69
88.38
89.11
89.86
90.74
91.08
92.23
93.05
93.71
94.69
95.01
95.69
96.49
97.48
97.97
98.97
99.45
100.07
100.92
102.55
102.89
104.14
104.85
105.53
106.46
106.82
108.01
108.78
110.40
110.75
111.51
111.93
112.73
113.22
113.79
114.34
114.69
115.87
116.65
117.14
118.28
118.62
119.13
119.87
120.59
121.25
122.22
122.55
123.74
124.52
125.03
125.73
126.05
126.49
127.16
127.66
128.07
128.45
129.47
130.10
130.42
130.99
131.49
132.39
134.04
134.36
135.50
135.85
136.32
136.97
137.97
138.29
139.43
140.26
141.91
142.25
142.89
143.21
143.54
144.19
145.67
146.17
147.30
148.13
148.79
149.76
150.10
151.33
152.06
152.76
153.71
154.03
155.02
155.99
156.66
157.03
157.61
157.96
158.67
161.94
162.47
163.04
163.87
164.51
165.51
165.83
166.58
167.07
167.80
168.45
169.41
169.77
170.75
171.73
172.39
173.40
174.23
174.69
175.31
175.67
176.33
177.30
177.63
178.85
179.61
180.27
181.24
181.57
182.78
183.54
184.23
185.14
185.50
186.66
187.48
188.17
188.65
189.12
189.44
190.15
190.58
191.02
191.40
191.90
193.06
193.38
193.88
194.40
194.77
195.35
196.02
197.02
197.93
198.50
199.27
199.94
200.91
201.24
202.47
203.22
203.89
204.84
205.16
205.94
206.35
207.14
207.81
208.42
208.78
209.11
210.15
211.08
211.74
212.73
213.05
214.24
215.01
215.70
216.63
216.98
218.13
218.58
218.95
219.63
220.63
220.95
221.47
223.87
224.37
224.86
225.38
226.06
226.82
227.52
228.45
228.78
229.55
229.99
230.75
231.41
232.39
232.73
233.89
234.69
235.40
236.29
236.65
237.46
237.82
238.62
239.15
240.27
240.59
241.73
242.56
243.16
243.59
244.17
244.51
245.09
245.56
245.88
246.50
247.13
247.49
248.21
249.56
249.99
250.42
251.10
251.95
252.39
252.90
253.22
253.94
254.36
255.04
255.88
256.32
256.82
257.31
258.29
259.01
259.93
260.27
260.84
261.47
262.23
262.97
263.84
264.20
265.49
266.15
266.90
267.78
268.13
268.67
